Array 1 is: 
308 385 247 427 169 606 40 652 384 302 724 574 708 771 509 173 772 399 108 140 570 428 928 97 610 953 576 10 806 986 830 596 376 357 497 438 920 910 514 548 75 312 916 436 260 90 45 471 558 581 
818 455 643 440 598 509 942 590 103 402 32 878 943 928 145 725 306 324 82 509 783 459 493 279 766 8 642 747 243 551 276 717 954 612 857 336 532 502 716 916 795 901 185 999 273 35 287 53 514 848 
528 983 4 42 439 714 414 460 141 802 625 522 378 96 611 936 96 553 979 154 847 964 846 530 854 947 455 572 832 587 74 759 685 480 604 829 217 497 771 38 482 31 179 673 476 144 464 540 415 541 
304 841 654 526 669 746 871 624 419 496 39 445 257 872 98 808 13 839 406 833 290 575 444 802 503 586 69 641 241 950 575 126 73 629 208 724 148 840 526 653 624 195 93 55 207 627 596 880 153 728 
145 758 487 771 622 330 504 23 590 917 111 9 219 85 481 475 417 279 17 513 227 82 232 925 314 0 707 338 521 898 820 122 404 377 437 314 704 334 880 929 189 68 302 9 644 790 665 611 155 77 
215 684 700 492 965 103 126 160 191 211 697 888 870 722 342 585 709 49 487 439 188 757 513 350 148 267 234 612 287 284 668 564 487 519 618 864 442 238 612 43 509 984 522 996 190 545 122 358 524 31 
718 796 463 104 774 382 612 822 779 832 973 406 856 125 769 405 283 804 854 987 750 334 592 517 633 218 622 568 471 819 832 189 338 24 159 112 393 161 122 498 764 467 923 161 235 322 943 25 486 186 
426 713 510 409 291 502 268 488 609 293 801 751 700 301 288 918 554 147 667 389 664 384 81 42 266 396 275 675 671 749 169 645 771 941 608 182 490 50 375 226 486 145 600 336 426 795 45 378 711 323 
683 716 701 812 461 875 770 760 121 755 574 11 544 135 73 670 111 22 1 966 602 341 846 413 411 446 605 363 665 833 174 357 69 804 272 622 377 370 407 953 157 114 302 337 808 721 467 102 300 225 
567 829 986 213 86 420 162 44 157 170 869 552 840 698 882 153 381 797 458 712 799 806 529 814 357 874 296 116 620 219 213 56 542 971 201 749 188 476 528 142 718 396 192 939 893 578 503 42 834 52 
971 5 790 767 655 356 161 280 333 108 820 249 912 621 480 314 988 591 573 612 934 221 148 274 736 655 419 972 904 510 667 377 430 861 368 642 835 504 977 684 497 171 127 251 333 575 123 460 281 519 
2 657 941 695 21 157 396 534 731 718 352 642 352 51 133 799 548 36 103 33 192 907 380 842 46 330 338 652 71 107 956 44 566 547 383 354 175 696 69 236 484 842 344 522 58 314 872 166 691 935 
793 333 337 385 129 20 800 221 891 497 961 234 94 928 594 222 901 47 535 192 503 650 212 320 536 939 703 102 682 377 186 558 410 373 219 877 173 183 79 887 23 628 705 873 795 204 729 971 435 978 
534 439 510 407 536 459 533 297 410 649 133 776 221 724 169 118 326 330 103 529 527 395 561 854 371 814 957 301 469 31 386 655 527 852 853 167 674 912 433 862 88 638 503 455 81 516 236 758 208 123 
752 484 169 477 124 923 366 436 772 452 141 448 54 898 728 438 93 508 599 784 78 959 790 54 348 5 262 926 293 854 594 806 132 535 440 407 439 293 192 737 738 192 503 648 231 183 990 65 620 590 
485 725 676 992 945 819 813 360 84 995 124 524 72 551 314 781 274 536 150 404 796 175 328 226 664 608 252 132 536 317 15 935 301 558 664 747 194 60 88 46 978 625 736 24 373 978 646 801 804 372 
836 21 608 995 601 60 855 620 706 823 945 483 931 626 773 631 729 888 443 591 713 951 443 2 223 618 425 192 604 10 56 345 500 60 89 159 250 362 318 486 91 204 968 978 463 583 59 493 301 545 
843 42 565 996 916 95 690 306 922 671 73 922 184 396 843 847 191 405 524 295 643 36 586 786 418 709 471 991 715 978 162 791 892 943 743 634 394 933 97 357 686 750 486 820 991 697 935 592 55 541 
529 513 519 395 798 941 925 609 757 132 988 428 111 382 629 120 176 184 279 777 22 875 424 149 914 954 938 905 602 99 765 142 90 213 728 164 75 147 78 418 836 938 74 469 502 932 684 202 643 406 
93 350 563 190 380 116 101 757 814 357 823 850 773 58 758 242 920 954 871 804 155 303 810 246 654 250 845 349 517 521 812 604 500 633 409 475 131 568 432 220 967 454 966 351 422 387 868 318 168 196 


Array 2 is: 
360 300 50 364 904 494 957 833 320 888 270 564 363 401 403 117 309 599 796 433 136 380 278 650 893 568 617 652 970 510 866 371 797 64 786 293 700 658 330 456 490 174 74 666 305 365 51 918 654 857 
637 566 698 438 31 940 432 338 996 336 447 77 991 234 790 376 945 324 152 550 376 329 778 638 768 83 191 335 10 195 928 306 655 396 199 355 442 394 906 847 911 347 276 296 248 924 735 47 86 280 
443 148 442 671 285 540 153 6 185 815 493 175 943 633 163 677 758 462 939 600 863 522 156 635 585 371 828 983 211 455 396 16 93 695 832 922 837 983 491 495 141 732 4 588 534 841 42 943 452 786 
140 707 44 679 585 349 737 314 331 902 586 510 908 547 658 844 139 849 205 883 739 953 634 456 426 774 989 294 392 605 682 498 290 573 331 295 282 626 388 416 520 455 745 883 293 349 714 354 916 2 
283 784 250 771 961 771 714 756 628 69 393 349 201 248 346 654 683 770 754 345 954 962 988 93 349 343 686 512 863 954 392 34 732 634 772 863 956 762 651 810 672 527 94 204 139 41 813 453 867 441 
902 465 834 792 955 945 187 813 658 154 96 63 463 661 752 854 258 264 841 628 83 511 853 272 738 557 345 781 562 496 906 422 341 781 630 651 186 491 419 25 347 543 455 535 986 548 846 307 314 185 
241 131 257 851 773 198 228 68 136 28 537 283 915 159 889 678 581 206 39 534 788 50 884 897 433 63 611 183 655 211 203 973 61 360 157 860 14 26 957 580 75 992 114 228 273 55 821 571 768 384 
488 825 332 629 620 204 715 173 865 380 231 304 566 950 140 943 37 164 39 860 424 641 344 634 14 123 761 900 278 360 643 338 33 450 452 718 149 285 848 719 652 97 968 677 45 162 389 822 729 261 
704 983 755 829 243 898 274 782 580 545 171 586 138 463 829 516 129 496 525 72 333 575 623 475 609 284 881 77 120 839 680 652 199 959 538 663 193 358 187 46 41 540 223 955 425 205 846 948 666 661 
605 278 820 740 795 89 613 517 408 770 409 657 26 919 505 526 143 893 464 209 275 254 902 709 72 742 379 518 516 879 936 327 69 24 893 487 757 850 379 712 702 349 764 134 471 633 931 877 527 462 
985 689 970 357 942 804 488 618 524 602 390 553 519 816 716 448 886 307 343 655 489 292 822 136 251 210 813 972 230 493 498 126 723 625 532 291 501 341 742 372 629 399 174 318 409 351 953 701 724 20 
392 740 108 608 184 828 532 291 216 257 578 658 891 488 765 336 212 826 78 273 444 425 625 529 600 815 696 495 248 245 958 139 529 493 471 802 944 135 438 756 343 38 135 998 250 990 267 649 994 670 
467 576 928 507 147 933 151 23 787 611 581 916 148 403 383 517 334 972 104 452 55 532 587 567 564 312 247 203 150 922 158 501 779 417 457 385 333 618 776 56 697 493 322 610 305 452 12 964 661 861 
939 427 243 433 920 599 768 714 807 986 26 284 672 548 757 308 50 375 906 520 893 256 785 139 418 468 76 760 609 352 841 505 522 519 959 19 530 278 715 201 994 238 28 851 260 148 561 630 547 905 
10 191 594 463 451 133 363 570 368 37 39 952 548 721 725 224 522 923 113 488 121 794 60 709 866 13 435 162 158 195 957 15 340 509 984 72 642 866 810 54 211 824 596 991 743 256 738 447 123 657 
724 474 245 824 247 646 330 388 859 827 564 983 629 289 611 945 507 589 205 666 611 454 554 159 923 324 349 163 301 833 294 252 299 523 463 533 191 268 235 34 44 975 862 726 889 755 352 43 40 381 
696 318 318 893 373 398 701 351 695 805 366 570 225 626 250 304 93 597 784 679 535 475 326 14 260 803 587 605 688 543 107 308 624 987 32 619 685 485 550 545 387 497 46 731 484 31 931 320 559 681 
5 340 823 298 957 989 90 54 110 582 738 703 917 615 899 175 165 103 982 574 702 62 147 712 931 107 347 490 949 801 864 789 50 515 269 230 605 995 57 756 268 247 69 241 955 287 95 682 941 918 
12 286 718 877 853 39 802 498 285 111 1 760 973 909 271 869 865 926 774 937 488 282 503 736 120 573 770 40 320 917 112 372 797 738 272 707 155 89 628 40 901 941 691 220 424 410 559 49 784 193 
87 416 426 690 293 786 837 724 7 259 816 485 57 817 530 805 548 914 27 11 236 198 354 171 546 243 169 920 836 287 401 169 84 127 732 992 134 508 659 300 978 442 139 971 154 809 691 702 427 63 
