680927900 700258350 523596750 588401450 521200950 582776550 560102450 574681500 600420750 590321550 565320100 562742100 601452900 553136500 564296700 589703500 529466000 567812950 657105050 
741690850 844980800 646014350 678239400 678450200 640871350 690864350 683583950 659029450 676621300 601312250 664061800 681985350 585661150 697390000 752910000 548044200 684218550 727638900 
619800150 709793950 600933700 689045100 590617800 561073950 585894900 614193350 531417700 610137850 562598200 605430000 586419350 548292600 652091150 631447300 491809950 634282750 601015150 
673186700 696007150 528188150 621054250 484098800 504985150 569269550 602028650 546060600 583124100 537574750 570254600 593908700 514271450 569053700 623902500 494495100 570505050 669342750 
750810800 773524300 669030650 728038650 535346700 614313750 691038600 692823900 673747700 675572850 670084200 632063450 779134900 646140100 690299500 658912200 580510000 595952350 725985450 
493086900 658035150 455713650 541945300 425329400 426784800 552309500 508437800 459462350 473001000 471267850 549513100 517595650 471972050 526720750 543684250 429664750 478045650 571371850 
830387650 835443100 648713200 758937950 625949250 647083300 640662050 622879800 647315100 657830950 636619500 669197750 640545900 575077550 739475100 774013350 566419150 745490750 744229350 
743722450 755322800 573777050 668928850 560049850 574849950 614226100 588127650 620308400 619148400 610807150 597102250 593704100 552770750 598367250 640167500 548640750 616915750 689385450 
756483650 731757700 621482150 785150450 575117100 663198550 634665900 645051000 621719500 681077450 670265350 639950000 638497250 544103700 631535200 638269850 509764350 686995150 668998550 
727875300 813486950 644665900 761072600 614527800 603994500 609546750 719235000 679748150 726253050 646930450 730296150 641787100 644776700 658566050 696582850 572253950 593039250 711747900 
765446050 788991900 579013050 783376000 652417750 681348850 634011050 627042350 627759650 694752700 649175450 641818350 604189250 551227000 624624550 699206200 557367500 698980500 677485050 
671095050 717197450 551925450 709241300 553170050 608637700 564490700 590311400 624968600 593955050 612504600 574395300 635863800 540302950 661177800 658326800 489792000 640687250 610904150 
716423500 720976600 528550550 651094900 526693250 547709750 547984000 584535100 623538150 586292400 552256550 576906150 605517200 509496550 595019550 635531250 520883750 618507250 619015600 
734888400 710945100 612756150 785211750 545573500 607140900 644546350 666059000 603245400 649250900 603104200 700437600 647964900 559938300 646665850 708558700 533484400 605320600 629003900 
741137800 815529700 660983450 736942450 642313100 620930900 692050450 702368850 707900750 658643200 679832350 668963900 693197450 618601300 702646950 716373850 617866700 661360550 725686000 
690626250 777864600 655282250 733738700 645575850 633723700 633228000 669757550 699119800 668936150 642169400 684230800 677324200 629902350 719555350 744289800 593470100 646161700 698541000 
793642800 815096500 708039900 780186550 662643500 715166000 721906600 755891750 679244300 759928100 712591950 754989450 702177450 688012400 788453000 797082750 584016700 708515000 768157150 
675416600 846248850 626999900 753157450 631304500 596883450 711057850 660433350 627243000 665409400 656590000 640192550 664736950 619254250 700249600 645550350 660303400 642136500 746801600 
712045550 737847000 593555000 706728000 585498350 537312450 638657800 656077100 592848700 647907200 623286350 658552400 600337350 590424750 673540700 650622900 523800150 659719000 702183000 
649754750 776974450 594396150 685555850 536526350 574426250 640221800 635612150 630915500 640075200 605551400 638994150 602681400 551613000 616939000 666282400 486254050 618981900 688080800 
