13618558 14005167 10471935 11768029 10424019 11655531 11202049 11493630 12008415 11806431 11306402 11254842 12029058 11062730 11285934 11794070 10589320 11356259 13142101 13564551
14833817 16899616 12920287 13564788 13569004 12817427 13817287 13671679 13180589 13532426 12026245 13281236 13639707 11713223 13947800 15058200 10960884 13684371 14552778 14225065
12396003 14195879 12018674 13780902 11812356 11221479 11717898 12283867 10628354 12202757 11251964 12108600 11728387 10965852 13041823 12628946 9836199 12685655 12020303 12479579
13463734 13920143 10563763 12421085 9681976 10099703 11385391 12040573 10921212 11662482 10751495 11405092 11878174 10285429 11381074 12478050 9889902 11410101 13386855 13642431
15016216 15470486 13380613 14560773 10706934 12286275 13820772 13856478 13474954 13511457 13401684 12641269 15582698 12922802 13805990 13178244 11610200 11919047 14519709 15563586
9861738 13160703 9114273 10838906 8506588 8535696 11046190 10168756 9189247 9460020 9425357 10990262 10351913 9439441 10534415 10873685 8593295 9560913 11427437 11693353
16607753 16708862 12974264 15178759 12518985 12941666 12813241 12457596 12946302 13156619 12732390 13383955 12810918 11501551 14789502 15480267 11328383 14909815 14884587 15215701
14874449 15106456 11475541 13378577 11200997 11496999 12284522 11762553 12406168 12382968 12216143 11942045 11874082 11055415 11967345 12803350 10972815 12338315 13787709 13498639
15129673 14635154 12429643 15703009 11502342 13263971 12693318 12901020 12434390 13621549 13405307 12799000 12769945 10882074 12630704 12765397 10195287 13739903 13379971 14302208
14557506 16269739 12893318 15221452 12290556 12079890 12190935 14384700 13594963 14525061 12938609 14605923 12835742 12895534 13171321 13931657 11445079 11860785 14234958 14783729
15308921 15779838 11580261 15667520 13048355 13626977 12680221 12540847 12555193 13895054 12983509 12836367 12083785 11024540 12492491 13984124 11147350 13979610 13549701 13854770
13421901 14343949 11038509 14184826 11063401 1217274 11289814 11806228 12499372 11879101 12250092 11487906 12717276 10806059 13223556 13166536 9795840 12813745 12218083 14526329
14328470 14419532 10571011 13021898 10533865 10954195 10959680 11690702 12470763 11725848 11045131 11538123 12110344 10189931 11900391 12710625 10417675 12370145 12380312 13732942
14697768 14218902 12255123 15704235 10911470 12142818 12890927 13321180 12064908 12985018 12062084 14008752 12959298 11198766 12933317 14171174 10669688 12106412 12580078 13760371
14822756 16310594 13219669 14738849 12846262 12418618 13841009 14047377 14158015 13172864 13596647 13379278 13863949 12372026 14052939 14327477 12357334 13227211 14513720 16453568
13812525 15557292 13105645 14674774 12911517 12674474 12664560 13395151 13982396 13378723 12843388 13684616 13546484 12598047 14391107 14885796 11869402 12923234 13970820 15570568
15872856 16301930 14160798 15603731 13252870 14303320 14438132 15117835 13584886 15198562 14251839 15099789 14043549 13760248 15769060 15941655 11680334 14170300 15363143 16652998
13508332 16924977 12539998 15063149 12626090 11937669 14221157 13208667 12544860 13308188 13131800 12803851 13294739 12385085 14004992 12911007 13206068 12842730 14936032 15134504
14240911 14756940 11871100 14134560 11709967 10746249 12773156 13121542 11856974 12958144 12465727 13171048 12006747 11808495 13470814 13012458 10476003 13194380 14043660 15284784
12995095 15539489 11887923 13711117 10730527 11488525 12804436 12712243 12618310 12801504 12111028 12779883 12053628 11032260 12338780 13325648 9725081 12379638 13761616 15054416
