341 910 810 896 506 36 564 827 579 694 768 995 914 733 737 270 276 423 434 982
954 948 116 42 38 736 733 140 684 997 200 996 895 195 75 742 551 618 794 777
942 206 267 285 99 14 198 156 858 119 943 578 232 211 567 860 365 620 969 878
475 702 383 389 733 639 256 473 795 229 824 87 951 398 518 753 124 711 967 641
774 905 732 180 170 603 546 587 157 444 309 965 13 658 990 938 493 469 537 894
630 980 680 616 72 783 44 292 431 45 797 470 684 60 385 929 585 393 783 111
374 728 242 728 624 160 653 834 9 697 291 405 556 368 789 244 678 992 972 638
446 314 835 460 233 663 167 787 900 343 542 412 570 325 265 686 473 544 8 577
811 596 821 773 414 336 345 629 121 315 104 330 40 478 227 952 416 206 103 35
991 960 667 85 9 432 369 245 632 575 219 14 719 444 737 404 190 358 909 915
179 758 797 276 684 166 520 531 904 718 65 852 380 497 994 878 60 364 685 811
82 876 365 976 189 322 670 304 666 264 422 627 301 973 293 783 563 611 341 767
206 910 40 743 29 250 228 521 716 757 170 609 546 180 149 692 813 72 833 882
689 927 216 798 254 968 26 66 225 772 115 525 817 161 49 200 149 803 520 410
415 566 612 40 383 136 899 512 438 338 361 399 486 865 809 357 825 71 216 384
110 897 178 542 743 91 717 750 252 759 571 962 146 440 294 879 246 587 684 392
672 595 293 684 415 190 98 260 192 251 364 20 462 670 476 654 957 314 621 384
350 190 282 883 187 858 656 666 112 696 477 863 928 724 251 159 504 72 266 208
668 513 330 824 590 973 40 112 908 364 650 433 180 15 496 145 238 753 49 713
802 654 43 355 786 957 375 6 280 814 82 383 428 182 751 565 441 808 131 306
680 952 518 744 610 118 819 542 895 911 77 122 18 181 454 71 937 824 388 393
387 302 326 796 249 312 522 843 47 263 420 635 360 376 879 941 358 993 584 952
311 203 674 764 199 47 917 944 882 564 693 136 354 460 138 103 985 0 810 902
543 247 29 675 21 196 287 935 653 582 328 849 220 557 273 661 136 149 2 940
629 894 962 935 890 455 893 367 494 679 439 382 217 711 821 353 394 899 571 789
679 841 68 381 983 668 47 465 792 241 850 137 470 319 29 109 598 968 627 819
987 21 267 522 413 48 962 603 661 415 906 283 269 57 297 257 350 614 732 968
470 376 473 965 19 120 395 735 947 325 779 612 788 420 637 749 208 550 868 82
865 657 389 331 21 822 891 118 663 527 45 174 936 461 942 190 33 287 872 861
983 126 982 630 533 389 495 908 66 521 414 671 523 598 861 568 1 739 64 121
409 668 308 369 731 677 503 153 12 806 943 410 16 782 636 98 28 723 848 683
651 834 611 530 905 361 715 385 263 837 690 388 677 841 936 943 638 647 50 707
73 830 674 898 887 223 771 959 583 739 992 783 354 982 70 301 562 54 508 612
513 234 180 250 811 102 263 871 177 81 321 744 326 121 172 558 542 550 484 9
875 542 437 224 16 782 30 348 350 22 870 144 816 896 431 4 667 210 763 787
713 524 432 913 762 312 218 798 445 706 760 910 148 797 587 785 164 872 301 840
528 551 157 77 799 471 12 356 524 764 421 631 945 586 983 509 673 525 791 892
604 599 622 594 960 714 800 95 244 155 680 412 168 29 333 320 270 960 278 93
170 762 434 639 486 596 6 768 632 473 404 764 251 77 187 325 381 509 567 210
929 78 578 774 587 789 816 566 20 928 625 214 500 144 482 231 945 614 827 0
261 786 908 599 348 602 958 571 550 6 452 11 950 282 720 515 569 460 701 538
51 723 230 748 438 766 450 483 923 952 272 195 529 119 225 924 65 637 294 643
698 592 584 999 477 310 891 120 69 51 647 175 727 102 57 596 12 464 492 684
561 559 964 185 979 529 614 940 710 467 174 871 435 762 124 983 150 223 441 58
231 785 439 497 885 675 895 834 231 433 862 204 897 251 329 81 144 779 712 65
805 533 836 939 155 557 541 89 324 632 143 843 446 963 979 910 41 76 459 723
966 58 178 321 114 698 199 756 533 787 376 563 517 748 630 242 862 99 389 325
100 300 944 328 655 461 701 685 604 870 794 699 424 144 672 547 975 109 590 699
749 875 27 855 231 732 894 140 909 164 763 870 953 531 920 909 838 462 743 946
386 392 924 207 796 563 596 461 526 390 427 460 697 774 983 804 247 441 301 404
